[
    [
        0.18310555073063187,
        0.15099028153685382,
        0.16774566360204374,
        0.14199013796826526,
        0.16822976762867092,
        0.18793859853353492
    ],
    [
        0.1883366866128269,
        0.15640436578022157,
        0.17203926443440387,
        0.11984808583250316,
        0.1691277126722598,
        0.19424388466778836
    ],
    [
        0.23633866994853506,
        0.11805686576810526,
        0.1668735776233921,
        0.02824961284843576,
        0.20552747237618668,
        0.24495380143535328
    ],
    [
        0.2582875569861478,
        0.06024961415031565,
        0.1678537874295266,
        0.03826817674847492,
        0.20780445692039626,
        0.26753640776512905
    ],
    [
        0.3406468384986672,
        6.530329826788477e-10,
        0.08206417234185918,
        2.65990953348113e-10,
        0.3622756687444281,
        0.2150133194960075
    ],
    [
        0.33601636343331875,
        6.279360836773375e-08,
        0.10451195376919756,
        0.014341437265623942,
        0.32687997046389583,
        0.21825021227410357
    ],
    [
        0.32702255688839327,
        0.012479764876356887,
        0.10681299578741948,
        0.024911028304303782,
        0.30236008220142124,
        0.2264135719420082
    ],
    [
        0.27557397267629047,
        0.19246412070837932,
        0.04097719724388975,
        7.53488310457958e-08,
        0.23540017171039077,
        0.25558446231220283
    ],
    [
        0.173686790098209,
        1.095072410682744e-08,
        0.18965004352826756,
        1.1088815814540273e-11,
        0.08091934020918586,
        0.5557438152026484
    ],
    [
        0.18548564602329948,
        0.019700328132363127,
        0.18237047218869767,
        0.006847209318254483,
        0.085742044554394,
        0.5198542997824519
    ],
    [
        0.18347652238956416,
        0.06499145650992104,
        0.17984162951780203,
        0.05655876630714632,
        0.10870874497532663,
        0.4064228803002582
    ],
    [
        0.21064384372876244,
        0.03962331266440116,
        0.20302075681197312,
        0.042966696360836325,
        0.1141023608531083,
        0.3896430295809148
    ]
]