[
    [
        0.06457575896102911,
        0.06915555777586087,
        0.06599981437943539,
        0.06948480419343953,
        0.07427592436904719,
        0.0676201549924029,
        0.07580212851889623,
        0.049706693673547186,
        0.06844397163258602,
        0.06282581866658787,
        0.07387717772663448,
        0.05406249839752662,
        0.06732125582839575,
        0.06656396810871001,
        0.0702844727759007
    ],
    [
        0.06528679462702294,
        0.06929290414425639,
        0.06556039260046904,
        0.07040129122792448,
        0.0797167747020665,
        0.06793787861914814,
        0.07908478050624763,
        0.04179753259467836,
        0.06450031352670058,
        0.05961156445924771,
        0.07752669012076811,
        0.04693884954418253,
        0.07018261796896101,
        0.06999807049980858,
        0.07216354485852312
    ],
    [
        0.0674373446283108,
        0.07621641730831384,
        0.06591539989008267,
        0.07224890827442194,
        0.08539385175757311,
        0.06953964142941027,
        0.08364485937377611,
        0.0337199617229978,
        0.07020084881026704,
        0.05433514675756091,
        0.07944597892572765,
        0.019728223347594533,
        0.07423513837625292,
        0.07372677731220299,
        0.07421150208551566
    ],
    [
        0.0672975604908562,
        0.07780805925224187,
        0.0672832285045097,
        0.07330475756393537,
        0.08668792972945223,
        0.07016815815539042,
        0.08350149341512393,
        0.03319023917403815,
        0.07364399204716034,
        0.05699928751797237,
        0.07695000839904717,
        0.015603885918650407,
        0.07432745761512377,
        0.06827042178546261,
        0.07496352043104415
    ],
    [
        5.451646007816482e-10,
        0.14762538232482003,
        2.8096030977475236e-08,
        0.2321324771574913,
        0.26945431765752054,
        5.020340225330018e-10,
        6.171064541270014e-09,
        0.3507877833293502,
        2.975045886582809e-10,
        2.494208774766717e-10,
        3.992313784560748e-10,
        4.825502342420283e-10,
        1.961340724329294e-09,
        2.952288246021311e-10,
        5.305051780826517e-10
    ],
    [
        0.01732482735538063,
        0.15266004255750232,
        0.010560777735294362,
        0.22876691073704558,
        0.26005256154090056,
        0.006475294545432016,
        0.010728697683710757,
        0.25987324721265886,
        0.010038447448694553,
        0.00933881391905292,
        7.246686143012719e-10,
        0.0027625875597671904,
        9.78645717324064e-09,
        0.02524388701920621,
        0.006173894174243476
    ],
    [
        0.016871672641473955,
        0.14301056220867236,
        0.01593955959162729,
        0.22105667610061366,
        0.2534454701423966,
        0.012105954545596946,
        0.013233976828386451,
        0.21748716934598294,
        0.02449831637567265,
        0.014088224937497966,
        4.5648296476734254e-11,
        0.0392504936026631,
        0.003942477454875893,
        0.02460938360997527,
        0.0004600625687154567
    ],
    [
        0.020155249777646777,
        0.13885746892984113,
        0.018217813001354832,
        0.21283275605338114,
        0.24625842330089548,
        0.014735709714334523,
        0.016380922816309384,
        0.20809829125681167,
        0.02914917535527171,
        0.015639088172402043,
        0.0023358848453674296,
        0.04047215320078641,
        0.008930673079105923,
        0.023944792585586315,
        0.003991597911067611
    ],
    [
        0.027326155402179225,
        0.131768850411191,
        0.027004711983306773,
        0.20095527450545475,
        0.23512591931603774,
        0.022106466939318295,
        0.026659607504308975,
        0.17996709999325272,
        0.03387405967622205,
        0.01769731313017763,
        0.013827513798801754,
        0.033959595476675104,
        0.016096595375371083,
        0.02378419423378366,
        0.009846642253946929
    ],
    [
        0.030999587511164436,
        0.1262337524983708,
        0.03131954647934298,
        0.1921520432722091,
        0.2270152664473629,
        0.027271350417920046,
        0.03204058314779616,
        0.16222372261983134,
        0.03554500722144491,
        0.022235758409812303,
        0.014818326920167173,
        0.027735539584302908,
        0.023100789992304645,
        0.028870067073844936,
        0.018438658404139368
    ],
    [
        1.5842218003708606e-06,
        0.11852369282486164,
        7.143725381955043e-10,
        0.16979757753166916,
        0.18453502915810616,
        0.06374426287635651,
        0.01606764909417068,
        0.11835398152763882,
        0.08088853037144132,
        0.015806827708876516,
        0.00940129563166154,
        0.1720635676491927,
        0.024882169720068365,
        0.020345127799220025,
        0.005588703171195701
    ],
    [
        0.013372872728450648,
        0.11999066651612497,
        0.012800272194640446,
        0.16026722508161265,
        0.17213057981799165,
        0.061354684541994366,
        0.027497469181939845,
        0.10870310212059703,
        0.08456494557472786,
        0.020355338170509406,
        0.018913729181897265,
        0.1244651137168113,
        0.03267943347802537,
        0.02392976099487131,
        0.01897480669972846
    ]
]