[
    [
        0.06457579756820775,
        0.06915552098476052,
        0.06599984274415338,
        0.06948480784845659,
        0.07427589835304474,
        0.06762014963482733,
        0.07580212476653092,
        0.0497067104900225,
        0.06844396638882787,
        0.06282581580424051,
        0.0738771083416926,
        0.05406253775241878,
        0.06732125981913695,
        0.06656400558649944,
        0.07028445391717929
    ],
    [
        0.06528683433945447,
        0.06929286997414026,
        0.06556043708644525,
        0.07040130983465212,
        0.07971673712166541,
        0.06793786750379703,
        0.079084740921885,
        0.041797541784388124,
        0.06450032481903355,
        0.05961156819523816,
        0.07752664845861904,
        0.04693887584175073,
        0.07018261174900847,
        0.0699981104541307,
        0.07216352191579463
    ],
    [
        0.06743736943658732,
        0.0762163876369446,
        0.06591544289570579,
        0.07224890846299889,
        0.08539382038086114,
        0.06953964922824667,
        0.08364481357666714,
        0.03371996145838203,
        0.07020086403694673,
        0.054335167888241435,
        0.07944594821361177,
        0.0197282244004272,
        0.07423514338771046,
        0.07372680387268275,
        0.0742114951239942
    ],
    [
        0.06729758241965289,
        0.07780804028337836,
        0.06728326543817661,
        0.07330475701768667,
        0.08668789682775063,
        0.07016815822017712,
        0.08350145488312896,
        0.03319024026639698,
        0.07364401427969716,
        0.056999315177242466,
        0.07694997252229226,
        0.015603882949215218,
        0.0743274639551796,
        0.06827044147624334,
        0.07496351428377834
    ],
    [
        5.452222285539512e-10,
        0.1476244646580729,
        2.812035803846687e-08,
        0.23213278207967417,
        0.26945513983706176,
        5.020941376508942e-10,
        6.178530229512821e-09,
        0.3507875738626563,
        2.97534561752041e-10,
        2.494427750332534e-10,
        3.9928009702201256e-10,
        4.825899906128805e-10,
        1.9624002028869764e-09,
        2.95258346517729e-10,
        5.305722946371585e-10
    ],
    [
        0.017324823245318786,
        0.15265916821293374,
        0.01056071645297918,
        0.22876719307941665,
        0.26005333211719694,
        0.006475268456992938,
        0.010728751049458238,
        0.2598730667725689,
        0.010038448504441211,
        0.009338835461326574,
        7.247120814122278e-10,
        0.0027625841893762163,
        9.786938241995174e-09,
        0.0252439080645237,
        0.006173893882073012
    ],
    [
        0.016871665486046315,
        0.1430097205960537,
        0.01593952538780826,
        0.22105694695348313,
        0.2534462038066814,
        0.01210595121157067,
        0.013234014042352625,
        0.21748702375813078,
        0.024498294534832588,
        0.014088239175271454,
        4.564564993602277e-11,
        0.039250471850391565,
        0.003942471538735695,
        0.024609405508811084,
        0.0004600661048588475
    ],
    [
        0.020155242388571033,
        0.1388566721400753,
        0.01821778102895294,
        0.21283302459514222,
        0.2462591133044902,
        0.0147357012413473,
        0.016380968434176905,
        0.20809815108348337,
        0.02914914845002932,
        0.015639094360067395,
        0.0023358944890633014,
        0.04047212584433008,
        0.008930666144851163,
        0.023944816606916455,
        0.003991599888936851
    ],
    [
        0.027326148475719944,
        0.13176814044380356,
        0.027004674937810766,
        0.20095552308026904,
        0.23512652181325167,
        0.02210646060138522,
        0.026659658369325573,
        0.17996698399004854,
        0.03387403281056826,
        0.01769733064828177,
        0.013827528567195345,
        0.03395956418041642,
        0.016096571622823203,
        0.023784212878276905,
        0.00984664758087149
    ],
    [
        0.030999582214246126,
        0.12623308220340115,
        0.031319511052499444,
        0.1921522790100864,
        0.22701583336313488,
        0.027271344192180406,
        0.03204062752790984,
        0.1622236223840504,
        0.03554498215884702,
        0.022235775226788174,
        0.014818340756541105,
        0.027735511013436607,
        0.02310076783216179,
        0.028870082177991904,
        0.018438658886733607
    ],
    [
        1.5839016795492024e-06,
        0.11852304460887707,
        7.142032134265414e-10,
        0.16979778355054995,
        0.18453553203291082,
        0.0637442760518729,
        0.016067670755926203,
        0.11835385241652947,
        0.0808885317745998,
        0.015806831287907563,
        0.00940129548275637,
        0.17206364076742098,
        0.02488214148933849,
        0.020345126463674687,
        0.005588688701866532
    ],
    [
        0.013372879612784406,
        0.11999008891581094,
        0.012800277677068051,
        0.1602674040854022,
        0.17213101963573377,
        0.06135469475147202,
        0.027497488961358955,
        0.10870301409270805,
        0.08456494539299612,
        0.02035533844558683,
        0.018913734489881956,
        0.12446514647179441,
        0.032679407510032545,
        0.02392976105763789,
        0.018974798899722416
    ]
]