[
    [
        0.06457575978520552,
        0.06915555025851194,
        0.06599988301285847,
        0.06948481885919748,
        0.07427591263035951,
        0.06762014821986431,
        0.07580213457697269,
        0.04970672542989716,
        0.06844396244812148,
        0.06282581812515112,
        0.07387708973863766,
        0.05406250882180483,
        0.06732123598232594,
        0.0665639851873583,
        0.07028446692373595
    ],
    [
        0.06528680449984749,
        0.06929292745796206,
        0.06556044269212455,
        0.07040128708130777,
        0.0797167440952702,
        0.06793786711817115,
        0.07908478588710201,
        0.041797558198472,
        0.06450032126951036,
        0.05961156349930758,
        0.07752660871487686,
        0.04693885611721921,
        0.07018260707864381,
        0.06999808170334326,
        0.07216354458684703
    ],
    [
        0.06743736026331082,
        0.07621645156925903,
        0.06591544961325788,
        0.07224887595522902,
        0.08539381404622277,
        0.06953961738932413,
        0.08364486667561778,
        0.03371996399292561,
        0.07020086812045331,
        0.05433517843651085,
        0.07944590630739506,
        0.019728221107474086,
        0.0742351250227367,
        0.07372678756832958,
        0.07421151393195245
    ],
    [
        0.06729757932636445,
        0.07780809464861746,
        0.06728326836853597,
        0.07330473085008408,
        0.08668788434864719,
        0.07016812202796176,
        0.08350149853928356,
        0.03319024435120498,
        0.07364400647514936,
        0.05699932192491631,
        0.0769499428530824,
        0.015603895542215588,
        0.07432744863881575,
        0.06827043096627212,
        0.07496353113883648
    ],
    [
        5.453038561043099e-10,
        0.1476251051603535,
        2.8134208921134237e-08,
        0.23213407083700244,
        0.2694548344499726,
        5.021716360778996e-10,
        6.182025413800616e-09,
        0.3507859499715971,
        2.9757777002822357e-10,
        2.494776065515105e-10,
        3.993423361537028e-10,
        4.826563330468659e-10,
        1.9630183372583018e-09,
        2.953012181298242e-10,
        5.306562195898047e-10
    ],
    [
        0.017324762981361274,
        0.15265967821724594,
        0.010560755997897422,
        0.22876835535799947,
        0.26005306462596534,
        0.00647527282834037,
        0.010728714508031074,
        0.25987194753094806,
        0.010038431510015397,
        0.009338819420015543,
        7.24698286860867e-10,
        0.0027625676358031983,
        9.78635632573352e-09,
        0.025243749435604017,
        0.006173869439757524
    ],
    [
        0.016871626083116122,
        0.1430102319747708,
        0.015939523091001228,
        0.22105807630580404,
        0.25344595425594485,
        0.012105928852135338,
        0.013233990533359103,
        0.21748607647845647,
        0.024498271594673403,
        0.01408822951066355,
        4.5649871708733656e-11,
        0.039250270292231416,
        0.003942477863546515,
        0.024609283088871312,
        0.0004600600276594783
    ],
    [
        0.020155199848575955,
        0.13885712987350324,
        0.01821778514903754,
        0.21283407099672247,
        0.24625885862332808,
        0.014735698439780646,
        0.016380945375442445,
        0.20809726147240235,
        0.029149115761537187,
        0.01563910259150216,
        0.002335891437516609,
        0.040471952575297516,
        0.008930698678050892,
        0.02394469376326321,
        0.00399159541366554
    ],
    [
        0.02732610013829607,
        0.13176854129336704,
        0.027004678264798326,
        0.20095644016794062,
        0.2351262730941467,
        0.02210645469839233,
        0.026659623557555148,
        0.1799662139378292,
        0.033874000510872714,
        0.017697361209513034,
        0.013827514063150277,
        0.03395943727647632,
        0.016096608458889754,
        0.023784105342448954,
        0.009846647986413623
    ],
    [
        0.03099953713098477,
        0.12623344660074112,
        0.03131950118806113,
        0.19215313861696998,
        0.22701559095214124,
        0.027271327671587336,
        0.03204058827089218,
        0.16222296751128498,
        0.0355449484798192,
        0.02223579071587684,
        0.014818335390636341,
        0.027735410176186262,
        0.02310080599360969,
        0.028869967326192524,
        0.01843864397502472
    ],
    [
        1.5834668705082143e-06,
        0.11852338295750546,
        7.139910229334648e-10,
        0.16979859100063693,
        0.184535301151505,
        0.06374425384304153,
        0.016067627225153775,
        0.11835324147756329,
        0.08088849448588417,
        0.015806839719851896,
        0.009401287168616832,
        0.17206353319018813,
        0.024882177556334168,
        0.020345013133618913,
        0.005588672909499924
    ],
    [
        0.013372891317333168,
        0.11999036176604493,
        0.012800276046151186,
        0.1602680802762636,
        0.17213078902016488,
        0.061354659531012344,
        0.027497440083604382,
        0.10870256003660245,
        0.08456488864822519,
        0.02035533940215617,
        0.018913743638085862,
        0.12446504830487236,
        0.03267943144190274,
        0.023929702243609186,
        0.018974788243976252
    ]
]