[
    [
        0.06457576136723152,
        0.0691555621138346,
        0.06599982007742243,
        0.06948481261357725,
        0.07427588594913508,
        0.06762016346103697,
        0.07580216642951974,
        0.04970668862660992,
        0.06844397363006206,
        0.0628258192001069,
        0.07387714262621584,
        0.05406252270794374,
        0.06732118993189036,
        0.06656403608376762,
        0.07028445518164769
    ],
    [
        0.06528679946443205,
        0.0692929122095808,
        0.06556040100878979,
        0.07040127344029934,
        0.07971671640550661,
        0.06793786975090924,
        0.07908481261878132,
        0.04179754587047291,
        0.0645003473525135,
        0.05961157977872703,
        0.07752665026326752,
        0.046938895000903744,
        0.07018255163773306,
        0.0699981273610934,
        0.07216351783699407
    ],
    [
        0.067437340993745,
        0.07621643462182771,
        0.0659154071290501,
        0.07224885248951153,
        0.08539378568778287,
        0.06953964319302103,
        0.08364491166015647,
        0.03371997470136035,
        0.07020087124320092,
        0.05433515764496701,
        0.07944594571378408,
        0.019728279376360576,
        0.07423509850940928,
        0.0737268163197379,
        0.07421148071609274
    ],
    [
        0.0672975565207759,
        0.07780807652199086,
        0.06728323522458107,
        0.07330470853069831,
        0.08668786391802202,
        0.07016814723230451,
        0.08350155378460213,
        0.033190255461257936,
        0.07364401589356409,
        0.0569992981735397,
        0.07694997781077309,
        0.015603924480555155,
        0.0743274392180733,
        0.06827044906536082,
        0.07496349816391565
    ],
    [
        5.45236359413727e-10,
        0.14762595197624734,
        2.8101535387472892e-08,
        0.23213288853899278,
        0.2694546397659637,
        5.021004578599413e-10,
        6.172574973872451e-09,
        0.35078648018106146,
        2.975426087676258e-10,
        2.494522673164407e-10,
        3.992838237843645e-10,
        4.826114893157953e-10,
        1.9616780275127708e-09,
        2.9526663353349884e-10,
        5.305759281480741e-10
    ],
    [
        0.017324778773045293,
        0.1526605337080202,
        0.010560742673752028,
        0.22876724413247645,
        0.26005285921927757,
        0.006475252482917135,
        0.010728721937162988,
        0.25987232486620515,
        0.010038446991935717,
        0.009338828743567546,
        7.24702005161128e-10,
        0.00276258740285594,
        9.787130438529336e-09,
        0.025243783491205152,
        0.006173885065867956
    ],
    [
        0.016871625821971166,
        0.14301104053532815,
        0.015939513226279838,
        0.2210570120634686,
        0.2534457469832258,
        0.012105937738214697,
        0.013233987618258976,
        0.21748637502050716,
        0.024498288318106565,
        0.014088236854034904,
        4.565302373488017e-11,
        0.03925041179217771,
        0.003942482409723571,
        0.02460928563519491,
        0.00046005593730536935
    ],
    [
        0.020155208646267516,
        0.13885791430322306,
        0.018217772205542618,
        0.21283305891247725,
        0.2462586721618352,
        0.014735689827759066,
        0.016380941477907023,
        0.20809754249241935,
        0.029149128321624716,
        0.01563910484654312,
        0.002335894354314077,
        0.040472075666274414,
        0.008930691360487755,
        0.02394471312102084,
        0.003991592301842949
    ],
    [
        0.027326109355284834,
        0.1317692446551411,
        0.027004666037721965,
        0.20095553742747732,
        0.23512610170075224,
        0.022106446022141034,
        0.026659624064627494,
        0.1799664573457092,
        0.03387401124901686,
        0.017697365484933714,
        0.013827518398230678,
        0.03395954399664199,
        0.01609660252571185,
        0.02378412834469019,
        0.009846643391844535
    ],
    [
        0.03099954418573775,
        0.12623411616166902,
        0.03131949412896847,
        0.19215229091472877,
        0.22701543156853432,
        0.027271322421855305,
        0.032040591812121655,
        0.16222317566700709,
        0.03554496026697646,
        0.022235798841957883,
        0.014818337621802636,
        0.02773550050186512,
        0.023100797096479744,
        0.02886999439894377,
        0.018438644411337368
    ],
    [
        1.5837695357036958e-06,
        0.11852403098186434,
        7.141409508898508e-10,
        0.1697978044236094,
        0.184535178480574,
        0.0637442291566157,
        0.016067646665673438,
        0.11835346430167056,
        0.08088847769723384,
        0.015806854830979735,
        0.009401298500705254,
        0.1720635212673142,
        0.024882172897821252,
        0.02034504967397615,
        0.005588686637359187
    ],
    [
        0.013372880607243372,
        0.11999095087765077,
        0.012800271508596325,
        0.1602673992291997,
        0.1721306954194323,
        0.06135464423431925,
        0.027497459782084493,
        0.10870271724441442,
        0.08456488111351272,
        0.02035535523281102,
        0.01891374413128978,
        0.12446505519813023,
        0.032679430625438245,
        0.02392972185093391,
        0.018974792944951708
    ]
]