[
    [
        0.06457580160134674,
        0.06915546916532636,
        0.06599989026567221,
        0.06948482779806209,
        0.07427591026410386,
        0.06762012277383592,
        0.07580213901574917,
        0.049706696397712066,
        0.06844396931235572,
        0.06282582354229259,
        0.07387712048704062,
        0.05406250893855981,
        0.06732122437832332,
        0.06656403089698448,
        0.07028446516263562
    ],
    [
        0.06528683477835992,
        0.06929282783384043,
        0.06556045490112591,
        0.0704013043813633,
        0.07971676374221945,
        0.06793784487095803,
        0.07908475084639215,
        0.04179753263843039,
        0.064500330543051,
        0.059611576282622265,
        0.07752665916023868,
        0.04693886085945312,
        0.07018257805403257,
        0.06999815005365904,
        0.0721635310542291
    ],
    [
        0.0674373757880171,
        0.07621637060812089,
        0.06591546195836573,
        0.07224887543172615,
        0.08539384471088374,
        0.0695396030371476,
        0.08364482186955555,
        0.033719956561920214,
        0.07020087280936117,
        0.054335168627745546,
        0.07944595132004416,
        0.019728233590028444,
        0.07423509681237937,
        0.07372686397895492,
        0.07421150289574274
    ],
    [
        0.0672975849331054,
        0.07780800655794826,
        0.06728328534301375,
        0.07330472546614264,
        0.0866879247492211,
        0.07016811307124876,
        0.08350146182888238,
        0.033190235685964437,
        0.07364402282555335,
        0.05699931425720256,
        0.07694997926270634,
        0.015603893049012569,
        0.07432743851778725,
        0.06827049322559775,
        0.07496352122662345
    ],
    [
        5.451981867309554e-10,
        0.14762492607349914,
        2.8111598639860135e-08,
        0.2321331406421776,
        0.2694544120394212,
        5.020691221833021e-10,
        6.175758196919597e-09,
        0.3507874816936221,
        2.975218845486191e-10,
        2.494333782238253e-10,
        3.9926055552582767e-10,
        4.825725177581635e-10,
        1.9619856732807734e-09,
        2.952457247404192e-10,
        5.305449116485646e-10
    ],
    [
        0.017324812232587493,
        0.15265959020275036,
        0.010560723742085365,
        0.2287675080295586,
        0.2600526440471682,
        0.006475319986382807,
        0.010728760109187722,
        0.2598730140317215,
        0.010038446101761264,
        0.009338816329903871,
        7.246730224511191e-10,
        0.0027625920317957196,
        9.786349376736235e-09,
        0.025243868069738534,
        0.006173894574263798
    ],
    [
        0.01687165363425427,
        0.14301013509333343,
        0.01593952459567942,
        0.22105726637705111,
        0.2534455449531803,
        0.012105977942428455,
        0.013234033962757094,
        0.21748697584510226,
        0.024498294284604896,
        0.014088229819952726,
        4.5656080518328845e-11,
        0.039250451936971256,
        0.003942477499203371,
        0.024609380337375922,
        0.0004600536726965387
    ],
    [
        0.020155235444474087,
        0.1388570527329131,
        0.018217774967462838,
        0.21283330781619503,
        0.2462584939527041,
        0.014735732359570848,
        0.01638097632816663,
        0.2080981056400728,
        0.02914914178914742,
        0.015639091885237492,
        0.0023358870828295198,
        0.040472118796580844,
        0.008930698757129232,
        0.023944790859983286,
        0.003991591587593823
    ],
    [
        0.02732614017370137,
        0.13176846407063023,
        0.027004671367294127,
        0.20095576589956424,
        0.2351259800491087,
        0.02210648771729308,
        0.026659652830702592,
        0.17996693521970952,
        0.03387402894952492,
        0.017697337042691216,
        0.01382751349431366,
        0.03395957187547036,
        0.016096610168653477,
        0.023784201318218245,
        0.009846639823149787
    ],
    [
        0.030999575161279873,
        0.12623338441139004,
        0.03131950517293876,
        0.19215251421324395,
        0.22701531966285524,
        0.02727136588968172,
        0.03204062205264566,
        0.16222358770982373,
        0.035544978182844945,
        0.022235777657188868,
        0.014818326774125442,
        0.027735521847163477,
        0.0231008035140882,
        0.028870069067888783,
        0.018438648682834305
    ],
    [
        1.584020076614231e-06,
        0.11852333878827995,
        7.142651699458619e-10,
        0.1697980200283892,
        0.18453506823794955,
        0.06374428181138454,
        0.016067673782677556,
        0.11835384240807587,
        0.08088850606217506,
        0.0158068322049661,
        0.009401286638076482,
        0.17206357910836514,
        0.024882179494806096,
        0.02034511754734685,
        0.005588689153394117
    ],
    [
        0.013372879240873218,
        0.1199903447682524,
        0.012800274351892715,
        0.16026760855402564,
        0.1721306061376097,
        0.06135469769856016,
        0.027497489751120725,
        0.10870300297093101,
        0.08456492042903353,
        0.020355341106385857,
        0.01891372682142836,
        0.12446511210844795,
        0.032679440478898925,
        0.023929757122034098,
        0.018974798460499043
    ]
]