[
    [
        0.06457581158030816,
        0.06915554495406917,
        0.0659998829418262,
        0.06948477604871635,
        0.07427589552543655,
        0.06762016530160914,
        0.07580211175550068,
        0.049706693088101044,
        0.06844397775111577,
        0.06282581855320522,
        0.07387713016264613,
        0.05406251461470518,
        0.06732118415148804,
        0.06656402016983345,
        0.07028447340144063
    ],
    [
        0.06528683296398016,
        0.06929290133389308,
        0.06556044561813351,
        0.07040124424203563,
        0.07971674859168075,
        0.06793787909557139,
        0.079084767434656,
        0.04179752731374679,
        0.0645003503898961,
        0.05961157317242435,
        0.07752664008462408,
        0.04693888111441485,
        0.07018252704724719,
        0.06999814127926272,
        0.0721635403184018
    ],
    [
        0.0674373662384955,
        0.07621644814478835,
        0.06591542257235557,
        0.07224885693275858,
        0.0853938256468873,
        0.06953964885903795,
        0.08364488215658844,
        0.03371992976180517,
        0.07020088029132539,
        0.054335180359921194,
        0.07944591851861456,
        0.01972825115465396,
        0.07423505523062492,
        0.07372683698226032,
        0.07421149714986738
    ],
    [
        0.06729757336384047,
        0.07780808769523087,
        0.0672832547738782,
        0.07330471292420332,
        0.08668790431472033,
        0.07016816516803524,
        0.08350151662599671,
        0.03319020960550805,
        0.07364402041748157,
        0.056999320405573,
        0.07694994761785373,
        0.015603908645376465,
        0.07432738041415034,
        0.06827048245814127,
        0.07496351557002756
    ],
    [
        5.451761549500007e-10,
        0.1476241439840491,
        2.8118637210000503e-08,
        0.2321327745992372,
        0.26945469805565814,
        5.020521331057453e-10,
        6.178003923170024e-09,
        0.35078834380092117,
        2.975100917716104e-10,
        2.494224618325416e-10,
        3.99247249108255e-10,
        4.825500374659747e-10,
        1.962238961363904e-09,
        2.9523420476286866e-10,
        5.305277595016106e-10
    ],
    [
        0.01732485179250406,
        0.1526588607933055,
        0.010560743243415447,
        0.22876721665234345,
        0.26005291185531276,
        0.006475298291907215,
        0.010728739955119816,
        0.25987358727244114,
        0.010038459070053312,
        0.009338827915952025,
        7.246807114887449e-10,
        0.002762630534467954,
        9.786653402843472e-09,
        0.025243941986574862,
        0.006173920124950728
    ],
    [
        0.016871694149743516,
        0.14300942810599895,
        0.015939525524818275,
        0.22105697796274412,
        0.2534458049620977,
        0.012105962356607538,
        0.013234028420871466,
        0.21748747532542026,
        0.0244983141679934,
        0.014088231638067876,
        4.564489315676326e-11,
        0.03925054874474583,
        0.003942492769764249,
        0.024609447463286686,
        0.00046006836081788485
    ],
    [
        0.020155270872743863,
        0.1388563991830761,
        0.01821778087105546,
        0.2128330577596281,
        0.24625873796665493,
        0.014735719715327984,
        0.016380976362525335,
        0.20809857274376603,
        0.02914916150435774,
        0.01563908472616026,
        0.002335902502533901,
        0.040472193130611185,
        0.008930680655583403,
        0.0239448573144278,
        0.003991604691552891
    ],
    [
        0.02732617869864452,
        0.13176788799239744,
        0.027004687604069218,
        0.2009555620846078,
        0.23512619467064041,
        0.022106479209710657,
        0.026659650209582653,
        0.17996734600035058,
        0.03387404708969445,
        0.01769732405393141,
        0.013827541307672025,
        0.033959615302826714,
        0.016096586164424786,
        0.023784247000828106,
        0.009846652610624696
    ],
    [
        0.030999611603693574,
        0.12623284759106823,
        0.0313195275334123,
        0.19215232086372733,
        0.22701552726024676,
        0.027271364778614506,
        0.032040623404328866,
        0.162223934027981,
        0.035544996444349344,
        0.022235772897810917,
        0.014818348616116812,
        0.02773555449704154,
        0.02310078071740198,
        0.02887011942332595,
        0.018438670340863446
    ],
    [
        1.5842899888408883e-06,
        0.118522829346705,
        7.143994253604149e-10,
        0.16979783473386076,
        0.18453525597197687,
        0.06374429352699389,
        0.016067675811961574,
        0.11835415627366562,
        0.0808885401415132,
        0.015806833185775564,
        0.009401308224692767,
        0.17206365673776122,
        0.024882157624909088,
        0.02034516724020677,
        0.005588706175516284
    ],
    [
        0.013372875847259021,
        0.11998990470115599,
        0.01280027725499352,
        0.16026746395297994,
        0.17213078316474287,
        0.06135471549090147,
        0.027497497116043074,
        0.10870323936139847,
        0.08456496304807928,
        0.02035534530678895,
        0.01891373890884148,
        0.12446517598624875,
        0.03267942515687228,
        0.02392978006049797,
        0.0189748146431731
    ]
]